time = 1.551
====== results =======
0.024377 , 0.0118185 , 0.00697033 , 0.885299 , 0.0715351 , 
0.00171231 , 0.996191 , 0.00147486 , 0.000191344 , 0.00043072 , 
0.0104673 , 0.0027841 , 0.00126805 , 0.0165402 , 0.96894 , 
0.00265847 , 0.000601633 , 0.000259871 , 0.00216787 , 0.994312 , 
0.0358727 , 0.241689 , 0.700609 , 0.00757962 , 0.0142498 , 
0.0222737 , 0.00861195 , 0.00454698 , 0.838048 , 0.12652 , 
0.000784978 , 0.000181914 , 7.91631e-005 , 0.000698671 , 0.998255 , 
0.0101674 , 0.0510374 , 0.932043 , 0.00239896 , 0.00435274 , 
0.459696 , 0.0468196 , 0.0166417 , 0.0484732 , 0.42837 , 
0.00210261 , 0.00929715 , 0.987142 , 0.000524168 , 0.000933907 , 
0.0194875 , 0.00759693 , 0.00402596 , 0.861446 , 0.107443 , 
0.197763 , 0.709497 , 0.0471525 , 0.0128585 , 0.0327297 , 
0.0674872 , 0.884843 , 0.0282471 , 0.00570212 , 0.0137203 , 
0.238765 , 0.0333595 , 0.0126651 , 0.0491744 , 0.666036 , 
0.0231536 , 0.0689235 , 0.889015 , 0.00711539 , 0.011793 , 
0.000627674 , 0.000266012 , 0.000146572 , 0.996329 , 0.0026312 , 
0.418925 , 0.461338 , 0.0499615 , 0.0186903 , 0.0510852 , 
0.424453 , 0.0456166 , 0.0163825 , 0.0497574 , 0.463791 , 
0.0121982 , 0.0394819 , 0.938736 , 0.00356677 , 0.00601678 , 
7.92927e-006 , 3.42527e-006 , 1.90485e-006 , 0.999955 , 3.14213e-005 , 
0.990029 , 0.00331443 , 0.00088317 , 0.00109012 , 0.00468377 , 
0.000483706 , 0.00186163 , 0.997301 , 0.000128857 , 0.0002245 , 
0.0501451 , 0.678909 , 0.24473 , 0.00876042 , 0.0174551 , 
0.0145951 , 0.00687147 , 0.00399063 , 0.92858 , 0.0459626 , 
0.00466994 , 0.0021126 , 0.00120206 , 0.975728 , 0.0162871 , 
0.987047 , 0.00421975 , 0.00113315 , 0.00142343 , 0.0061772 , 
0.997144 , 0.00101346 , 0.000262985 , 0.00030618 , 0.00127377 , 
0.0245404 , 0.909075 , 0.0551534 , 0.00363581 , 0.00759531 , 
0.00495184 , 0.0173368 , 0.973952 , 0.00138591 , 0.00237391 , 
0.0175789 , 0.0544448 , 0.913885 , 0.00527426 , 0.00881651 , 
6.99492e-006 , 3.01034e-006 , 1.67104e-006 , 0.99996 , 2.80219e-005 , 
0.116605 , 0.0195307 , 0.00774821 , 0.0376395 , 0.818477 , 
0.00820664 , 0.0276196 , 0.957836 , 0.00234719 , 0.00399026 , 
0.00891144 , 0.00193193 , 0.000823565 , 0.00624403 , 0.982089 , 
0.302058 , 0.0386588 , 0.0143927 , 0.0510341 , 0.593856 , 
0.0189892 , 0.058199 , 0.907516 , 0.00573323 , 0.00956242 , 
0.0143183 , 0.00567194 , 0.00302781 , 0.902374 , 0.0746082 , 
0.0162741 , 0.00445832 , 0.00205167 , 0.0296243 , 0.947592 , 
0.589216 , 0.0479991 , 0.0163985 , 0.0410756 , 0.30531 , 
0.0174966 , 0.0542237 , 0.914259 , 0.00524762 , 0.00877314 , 
0.0222741 , 0.920087 , 0.0475506 , 0.00325813 , 0.00683056 , 
0.0401192 , 0.807631 , 0.132532 , 0.00649158 , 0.0132268 , 
0.0123787 , 0.00332651 , 0.00152053 , 0.0205298 , 0.962245 , 
0.00258575 , 0.00115509 , 0.000653091 , 0.986278 , 0.00932818 , 
0.891278 , 0.0602366 , 0.0118626 , 0.0084543 , 0.0281683 , 
0.00233171 , 0.00852273 , 0.987407 , 0.000637817 , 0.00110119 , 
0.0155933 , 0.0073654 , 0.00428475 , 0.924042 , 0.0487142 , 
0.850912 , 0.0871193 , 0.0162827 , 0.0107709 , 0.0349152 , 
0.0880606 , 0.854686 , 0.0329379 , 0.00708312 , 0.0172319 , 
0.300479 , 0.038541 , 0.0143556 , 0.051012 , 0.595612 , 
0.0029888 , 0.00124113 , 0.000677242 , 0.981757 , 0.0133361 , 
0.918013 , 0.0435176 , 0.00889892 , 0.00671224 , 0.0228582 , 
0.901842 , 0.0535186 , 0.0106936 , 0.00778699 , 0.0261584 , 
0.794442 , 0.127572 , 0.0222697 , 0.0134551 , 0.0422615 , 
0.0247403 , 0.0120066 , 0.0070851 , 0.883738 , 0.0724302 , 
0.644592 , 0.248225 , 0.0363799 , 0.0179437 , 0.0528585 , 
0.0257612 , 0.902854 , 0.0595292 , 0.00384274 , 0.00801237 , 
0.00629152 , 0.0216459 , 0.96725 , 0.00177767 , 0.00303492 , 
0.9874 , 0.00552722 , 0.0012909 , 0.00121821 , 0.00456376 , 
0.0305986 , 0.0115478 , 0.0060317 , 0.761439 , 0.190383 , 
0.953104 , 0.0130678 , 0.00370398 , 0.00529355 , 0.0248303 , 
0.354268 , 0.529345 , 0.0513467 , 0.0176789 , 0.0473615 , 
0.829613 , 0.0336638 , 0.010455 , 0.0191587 , 0.107109 , 
0.260629 , 0.0353247 , 0.013319 , 0.0500567 , 0.64067 , 
0.00489898 , 0.00221889 , 0.00126331 , 0.974588 , 0.0170313 , 
0.018586 , 0.00886133 , 0.00518024 , 0.910614 , 0.0567582 , 
0.0503268 , 0.447896 , 0.473181 , 0.00975631 , 0.0188399 , 
0.0521872 , 0.614705 , 0.305125 , 0.00940963 , 0.0185735 , 
0.0219568 , 0.125933 , 0.838125 , 0.00491433 , 0.00907087 , 
0.91454 , 0.0456354 , 0.00928466 , 0.00694866 , 0.0235909 , 
0.999778 , 8.29791e-005 , 2.1044e-005 , 2.3337e-005 , 9.46166e-005 , 
0.0392442 , 0.815097 , 0.126453 , 0.00631639 , 0.0128895 , 
0.0464315 , 0.0165948 , 0.00846589 , 0.566315 , 0.362192 , 
0.119563 , 0.0199288 , 0.0078963 , 0.0380994 , 0.814513 , 
0.00894799 , 0.0442256 , 0.940854 , 0.00212491 , 0.00384734 , 
0.00187692 , 0.000833973 , 0.000470274 , 0.989948 , 0.00687045 , 
0.0275727 , 0.0134845 , 0.00798997 , 0.871664 , 0.0792891 , 
0.0482891 , 0.015284 , 0.00742089 , 0.203865 , 0.725141 , 
0.00682342 , 0.0327664 , 0.955812 , 0.00164029 , 0.00295798 , 
0.00127528 , 0.996726 , 0.00149551 , 0.000157693 , 0.000345886 , 
0.00110038 , 0.00414284 , 0.993946 , 0.000296428 , 0.000514479 , 
0.935099 , 0.0333532 , 0.00700104 , 0.00550173 , 0.0190446 , 
0.0465847 , 0.373488 , 0.552806 , 0.00931036 , 0.0178107 , 
0.0225513 , 0.0674042 , 0.891664 , 0.00691301 , 0.0114679 , 
0.031439 , 0.870804 , 0.0829164 , 0.00483927 , 0.0100016 , 
0.257664 , 0.0350666 , 0.013234 , 0.0499529 , 0.644082 , 
0.023585 , 0.0700054 , 0.887122 , 0.00726086 , 0.0120265 , 
0.98484 , 0.0048719 , 0.00131497 , 0.00167128 , 0.00730179 , 
0.051786 , 0.632718 , 0.287918 , 0.0092577 , 0.0183204 , 
0.0147186 , 0.00400221 , 0.00183694 , 0.0258322 , 0.95361 , 
0.427956 , 0.0457524 , 0.0164145 , 0.0496457 , 0.460231 , 
0.99934 , 0.000242987 , 6.20253e-005 , 6.97269e-005 , 0.000284717 , 
0.00101424 , 0.00382848 , 0.994411 , 0.00027286 , 0.000473792 , 
0.0122158 , 0.00327996 , 0.0014988 , 0.0201781 , 0.962827 , 
0.00243138 , 0.0010134 , 0.000553956 , 0.985277 , 0.0107241 , 
0.00891144 , 0.00193193 , 0.000823565 , 0.00624403 , 0.982089 , 
0.0463957 , 0.0145228 , 0.00702101 , 0.181506 , 0.750555 , 
0.669555 , 0.0459187 , 0.015267 , 0.0347489 , 0.234511 , 
0.529271 , 0.35256 , 0.0447548 , 0.0191655 , 0.0542485 , 
0.00958393 , 0.00207046 , 0.000881683 , 0.00663503 , 0.980829 , 
0.0126527 , 0.040788 , 0.936601 , 0.00370823 , 0.00625031 , 
0.0467491 , 0.0146623 , 0.00709386 , 0.18535 , 0.746145 , 
0.00141037 , 0.00526447 , 0.992282 , 0.000381614 , 0.000661328 , 
0.00209226 , 0.00768565 , 0.988665 , 0.000570834 , 0.000986426 , 
0.85879 , 0.0817304 , 0.0154274 , 0.0103465 , 0.033706 , 
0.0205037 , 0.06216 , 0.900736 , 0.00623127 , 0.0103688 , 
0.052635 , 0.556018 , 0.362515 , 0.00974671 , 0.0190855 , 
0.946099 , 0.0146489 , 0.00418461 , 0.00609884 , 0.0289688 , 
0.0712105 , 0.0129421 , 0.00524591 , 0.0287727 , 0.881829 , 
0.98842 , 0.00380626 , 0.00101861 , 0.00126961 , 0.00548521 , 
0.0261987 , 0.0127653 , 0.00754882 , 0.877499 , 0.0759882 , 
0.0295685 , 0.881984 , 0.0746056 , 0.00450453 , 0.00933694 , 
0.393193 , 0.0442479 , 0.0160366 , 0.0505862 , 0.495936 , 
0.0477578 , 0.393523 , 0.531097 , 0.00946693 , 0.0181562 , 
0.0214731 , 0.00602217 , 0.00279458 , 0.0439992 , 0.925711 , 
0.0383923 , 0.014145 , 0.00731091 , 0.677215 , 0.262936 , 
0.172576 , 0.0265005 , 0.0102878 , 0.0445809 , 0.746055 , 
0.00472147 , 0.00194152 , 0.00105454 , 0.970553 , 0.0217298 , 
0.0193722 , 0.00925804 , 0.00541889 , 0.907128 , 0.0588232 , 
0.00419829 , 0.000937562 , 0.000403311 , 0.00326365 , 0.991197 , 
0.0525462 , 0.540676 , 0.37784 , 0.0097958 , 0.0191428 , 
0.0615444 , 0.893813 , 0.0267 , 0.0052805 , 0.0126617 , 
0.0370103 , 0.253129 , 0.687429 , 0.0077805 , 0.0146508 , 
0.011192 , 0.965621 , 0.0183942 , 0.00152809 , 0.00326465 , 
0.975737 , 0.00742835 , 0.00204051 , 0.00270196 , 0.0120924 , 
0.00794125 , 0.0268038 , 0.95913 , 0.00226763 , 0.00385718 , 
0.0141611 , 0.954622 , 0.0250526 , 0.00197269 , 0.00419157 , 
0.00479632 , 0.00197154 , 0.00107065 , 0.97006 , 0.0221011 , 
0.0508898 , 0.463346 , 0.456995 , 0.00980266 , 0.0189665 , 
0.618762 , 0.0475039 , 0.0160731 , 0.0388853 , 0.278776 , 
0.973252 , 0.00809333 , 0.00223233 , 0.00298498 , 0.0134375 , 
0.0421583 , 0.0129161 , 0.00619291 , 0.143255 , 0.795478 , 
0.422703 , 0.0455474 , 0.0163661 , 0.0498117 , 0.465572 , 
0.114656 , 0.0192665 , 0.00764973 , 0.0373298 , 0.821098 , 
0.0526305 , 0.574652 , 0.344079 , 0.0096655 , 0.0189738 , 
0.00647337 , 0.986429 , 0.00484087 , 0.000688143 , 0.0015684 , 
0.0476514 , 0.0150237 , 0.00728344 , 0.195814 , 0.734227 , 
0.0115502 , 0.00538107 , 0.00310812 , 0.942623 , 0.0373378 , 
0.399249 , 0.481685 , 0.050531 , 0.0184402 , 0.050095 , 
0.0100051 , 0.00265426 , 0.00120783 , 0.0156201 , 0.970513 , 
5.86769e-005 , 2.51656e-005 , 1.39461e-005 , 0.999665 , 0.000237436 , 
0.931438 , 0.0177504 , 0.00514479 , 0.00778322 , 0.0378839 , 
0.799664 , 0.123704 , 0.0217281 , 0.0132321 , 0.0416721 , 
0.000798229 , 0.000350942 , 0.000196858 , 0.995645 , 0.00300877 , 
0.02178 , 0.0654435 , 0.895069 , 0.0066551 , 0.0110527 , 
0.0506173 , 0.667949 , 0.254852 , 0.00889269 , 0.0176892 , 
0.853002 , 0.0307179 , 0.00941781 , 0.016619 , 0.0902434 , 
0.00735506 , 0.0249886 , 0.962 , 0.00209262 , 0.00356401 , 
0.0282284 , 0.173494 , 0.780658 , 0.00615893 , 0.0114615 , 
0.00481135 , 0.986641 , 0.00657408 , 0.000623158 , 0.00135028 , 
0.000763218 , 0.000187244 , 8.29918e-005 , 0.000848583 , 0.998118 , 
0.0218656 , 0.0656618 , 0.89469 , 0.00668363 , 0.0110987 , 
0.99405 , 0.002502 , 0.000598451 , 0.000590577 , 0.00225933 , 
0.36219 , 0.520832 , 0.0512553 , 0.0178322 , 0.0478901 , 
0.00129504 , 0.000320506 , 0.000142466 , 0.00149235 , 0.99675 , 
0.0360158 , 0.243106 , 0.698973 , 0.00760506 , 0.0143004 , 
0.0475243 , 0.016898 , 0.00860167 , 0.547564 , 0.379412 , 
0.957384 , 0.0208051 , 0.00453689 , 0.00379479 , 0.0134791 , 
0.0324455 , 0.864498 , 0.0876715 , 0.00502219 , 0.0103632 , 
0.0586838 , 0.010946 , 0.00446826 , 0.0255561 , 0.900346 , 
0.995038 , 0.00171958 , 0.000450632 , 0.000536009 , 0.00225604 , 
0.00683999 , 0.0017798 , 0.000804537 , 0.0097765 , 0.980799 , 
0.93433 , 0.0338016 , 0.00708647 , 0.00555801 , 0.0192242 , 
0.00243138 , 0.0010134 , 0.000553956 , 0.985277 , 0.0107241 , 
0.0112618 , 0.00241297 , 0.001025 , 0.00758089 , 0.977719 , 
0.00110794 , 0.000255395 , 0.000110954 , 0.000966716 , 0.997559 , 
0.954849 , 0.0221878 , 0.00481592 , 0.00399692 , 0.0141505 , 
0.0502598 , 0.446182 , 0.474984 , 0.00975019 , 0.0188241 , 
0.00647028 , 0.981513 , 0.00932845 , 0.000851279 , 0.00183689 , 
0.0110212 , 0.0559074 , 0.925778 , 0.00258915 , 0.00470451 , 
0.0047268 , 0.00213896 , 0.00121725 , 0.975445 , 0.0164722 , 
0.0394095 , 0.0144706 , 0.00746819 , 0.664936 , 0.273715 , 
0.00855818 , 0.0420841 , 0.943636 , 0.0020367 , 0.00368503 , 
0.0532541 , 0.0177193 , 0.00877561 , 0.328205 , 0.592046 , 
0.000336732 , 0.00130534 , 0.998113 , 8.93805e-005 , 0.000155914 , 
0.0514276 , 0.480551 , 0.439114 , 0.00983561 , 0.0190719 , 
0.972224 , 0.00836478 , 0.00231098 , 0.00310225 , 0.0139984 , 
0.136888 , 0.787391 , 0.0410311 , 0.00994812 , 0.0247413 , 
0.00249751 , 0.00909874 , 0.986539 , 0.000684351 , 0.00118083 , 
0.00127438 , 0.0055144 , 0.992321 , 0.000320857 , 0.00056978 , 
0.0674872 , 0.884843 , 0.0282471 , 0.00570212 , 0.0137203 , 
0.00587121 , 0.0203064 , 0.969341 , 0.00165414 , 0.00282686 , 
0.0232911 , 0.0112578 , 0.00662898 , 0.889984 , 0.0688379 , 
0.525542 , 0.0480757 , 0.0167549 , 0.0451946 , 0.364433 , 
0.000983586 , 0.00024225 , 0.000107509 , 0.00111113 , 0.997555 , 
0.514155 , 0.36694 , 0.0456491 , 0.0191938 , 0.0540621 , 
0.352478 , 0.042045 , 0.0154208 , 0.0511783 , 0.538878 , 
0.0366575 , 0.835499 , 0.110123 , 0.00581092 , 0.0119098 , 
0.220611 , 0.681583 , 0.0486407 , 0.0137877 , 0.0353768 , 
0.00016186 , 6.91788e-005 , 3.82728e-005 , 0.999069 , 0.00066168 , 
0.0266316 , 0.898287 , 0.0627778 , 0.00399181 , 0.00831195 , 
0.0174144 , 0.0540027 , 0.914632 , 0.00522103 , 0.00872983 , 
0.00171858 , 0.00636611 , 0.990641 , 0.000466846 , 0.000807938 , 
0.998241 , 0.000707699 , 0.000173219 , 0.000178757 , 0.000698833 , 
0.724658 , 0.181528 , 0.0292152 , 0.0159865 , 0.0486121 , 
0.997144 , 0.00101346 , 0.000262985 , 0.00030618 , 0.00127377 , 
0.0157451 , 0.0843665 , 0.889649 , 0.00361801 , 0.00662153 , 
0.0367844 , 0.00722854 , 0.00299404 , 0.0187307 , 0.934262 , 
0.715768 , 0.18869 , 0.0300567 , 0.0162518 , 0.0492333 , 
0.000429019 , 0.00179931 , 0.997468 , 0.000109602 , 0.000193682 , 
0.0158722 , 0.0851681 , 0.888642 , 0.00364516 , 0.00667243 , 
0.940364 , 0.0303123 , 0.00641713 , 0.0051122 , 0.0177947 , 
0.0519462 , 0.626196 , 0.294125 , 0.00931539 , 0.0184174 , 
0.999948 , 1.95985e-005 , 4.94707e-006 , 5.43301e-006 , 2.19167e-005 , 
0.00695491 , 0.00283031 , 0.0015298 , 0.955582 , 0.0331028 , 
0.00733972 , 0.00336313 , 0.00192607 , 0.962617 , 0.0247544 , 
0.00527662 , 0.00116914 , 0.000501713 , 0.00398894 , 0.989064 , 
0.0133702 , 0.00283756 , 0.00120192 , 0.00871572 , 0.973875 , 
0.737799 , 0.171057 , 0.0279522 , 0.0155714 , 0.0476201 , 
0.00406251 , 0.00183167 , 0.00104046 , 0.97877 , 0.014295 , 
0.0298911 , 0.00868551 , 0.00408273 , 0.0740934 , 0.883247 , 
0.0533742 , 0.0178845 , 0.00888266 , 0.348792 , 0.571067 , 
0.0405479 , 0.0148305 , 0.00764102 , 0.65073 , 0.286251 , 
0.945411 , 0.0274399 , 0.00585813 , 0.00473102 , 0.0165603 , 
0.0255812 , 0.0749435 , 0.878424 , 0.00793944 , 0.0131124 , 
0.861005 , 0.0802273 , 0.0151863 , 0.0102248 , 0.0333571 , 
0.140989 , 0.78196 , 0.0415614 , 0.0101656 , 0.0253247 , 
0.000481699 , 0.000204582 , 0.000112839 , 0.997194 , 0.00200645 , 
0.266965 , 0.626798 , 0.0506137 , 0.0154256 , 0.0401974 , 
0.0117943 , 0.0603887 , 0.920035 , 0.0027602 , 0.00502159 , 
0.00175152 , 0.000733799 , 0.000402098 , 0.989509 , 0.00760378 , 
0.0235764 , 0.00481645 , 0.00201734 , 0.0135629 , 0.956027 , 
0.0152409 , 0.0812047 , 0.893625 , 0.00351002 , 0.00641921 , 
0.000684864 , 0.00290495 , 0.995928 , 0.000174037 , 0.000308097 , 
0.99986 , 5.2444e-005 , 1.32753e-005 , 1.46646e-005 , 5.93356e-005 , 
0.0108587 , 0.00504613 , 0.00291086 , 0.945857 , 0.0353271 , 
0.00256718 , 0.994373 , 0.00213657 , 0.000283474 , 0.000640017 , 
0.0372847 , 0.00731713 , 0.00302959 , 0.018908 , 0.933461 , 
0.00525817 , 0.00215643 , 0.0011698 , 0.967008 , 0.024408 , 
0.00992852 , 0.0328268 , 0.949518 , 0.0028681 , 0.00485885 , 
0.0100707 , 0.0332504 , 0.948837 , 0.00291147 , 0.00493096 , 
0.00530986 , 0.00241006 , 0.00137361 , 0.972549 , 0.0183574 , 
0.000229124 , 0.000893872 , 0.998711 , 6.06244e-005 , 0.000105867 , 
0.0337096 , 0.0126044 , 0.00655669 , 0.729617 , 0.217513 , 
0.39599 , 0.485083 , 0.0506134 , 0.0183939 , 0.0499189 , 
0.785302 , 0.0383312 , 0.0121661 , 0.0238107 , 0.140391 , 
0.000233194 , 9.94933e-005 , 5.49978e-005 , 0.998654 , 0.000958224 , 
0.00914279 , 0.972754 , 0.0142357 , 0.00122962 , 0.0026377 , 
0.000720188 , 0.998185 , 0.000812966 , 8.79964e-005 , 0.000193614 , 
0.935467 , 0.0169242 , 0.00488677 , 0.00732063 , 0.0354011 , 
0.0527691 , 0.0173707 , 0.00856598 , 0.298257 , 0.623037 , 
0.0344291 , 0.227727 , 0.716789 , 0.00732044 , 0.0137352 , 
0.146208 , 0.775089 , 0.0422084 , 0.0104377 , 0.0260574 , 
0.00205345 , 0.00754937 , 0.988869 , 0.000560002 , 0.000967853 , 
0.480554 , 0.399491 , 0.0474428 , 0.01915 , 0.0533619 , 
0.0356842 , 0.0106228 , 0.0050384 , 0.101652 , 0.847003 , 
0.0113035 , 0.0368851 , 0.942963 , 0.00328976 , 0.00555861 , 
0.597529 , 0.289654 , 0.0401063 , 0.0186611 , 0.0540502 , 
0.0377121 , 0.260397 , 0.679092 , 0.00790284 , 0.0148961 , 
0.00405526 , 0.000906633 , 0.00039014 , 0.00316506 , 0.991483 , 
0.0337966 , 0.00998115 , 0.00472003 , 0.0918892 , 0.859613 , 
0.92639 , 0.0384797 , 0.00796818 , 0.00612875 , 0.021033 , 
0.0208291 , 0.118011 , 0.847844 , 0.00468365 , 0.00863214 , 
0.0231107 , 0.0111649 , 0.00657253 , 0.890765 , 0.0683866 , 
0.00281253 , 0.00125835 , 0.000712032 , 0.985114 , 0.0101035 , 
0.916285 , 0.0445691 , 0.00909084 , 0.00683025 , 0.0232244 , 
0.00644246 , 0.00167186 , 0.000755054 , 0.00909838 , 0.982032 , 
0.0168412 , 0.0524549 , 0.91724 , 0.00503605 , 0.00842831 , 
0.0478906 , 0.719907 , 0.207605 , 0.00818431 , 0.0164132 , 
0.00596005 , 0.987447 , 0.00450847 , 0.000636204 , 0.00144854 , 
0.0154668 , 0.0486975 , 0.923531 , 0.00459568 , 0.00770869 , 
0.0155095 , 0.00732385 , 0.00425998 , 0.924422 , 0.0484846 , 
0.0445138 , 0.76418 , 0.168917 , 0.00741179 , 0.0149774 , 
0.00110344 , 0.000272296 , 0.000120921 , 0.00125647 , 0.997247 , 
0.321246 , 0.0400336 , 0.0148192 , 0.0512135 , 0.572688 , 
0.523761 , 0.0480592 , 0.0167583 , 0.0452971 , 0.366124 , 
0.00309517 , 0.0013874 , 0.000785783 , 0.983669 , 0.0110631 , 
0.0135204 , 0.957064 , 0.0235505 , 0.00187557 , 0.00398976 , 
0.0261987 , 0.0127653 , 0.00754882 , 0.877499 , 0.0759882 , 
0.0186325 , 0.00728228 , 0.00386371 , 0.868432 , 0.10179 , 
0.00189583 , 0.995048 , 0.00230089 , 0.000236931 , 0.000518246 , 
0.00103907 , 0.997654 , 0.000926224 , 0.000117489 , 0.000263686 , 
0.59094 , 0.295581 , 0.0405958 , 0.0187371 , 0.0541461 , 
0.00717242 , 0.0346127 , 0.953389 , 0.00172056 , 0.00310488 , 
0.0213177 , 0.0102462 , 0.00601534 , 0.89857 , 0.0638513 , 
0.0205009 , 0.00796792 , 0.00421682 , 0.853051 , 0.114264 , 
0.951579 , 0.0239893 , 0.00517646 , 0.00425449 , 0.015001 , 
0.993069 , 0.00293611 , 0.000699421 , 0.000684872 , 0.00261041 , 
0.0533762 , 0.0179371 , 0.0089193 , 0.357503 , 0.562264 , 
0.302058 , 0.0386588 , 0.0143927 , 0.0510341 , 0.593856 , 
0.641392 , 0.250991 , 0.0366455 , 0.0180023 , 0.0529685 , 
0.00339746 , 0.0121783 , 0.98187 , 0.000938949 , 0.00161536 , 
0.012703 , 0.974517 , 0.00849922 , 0.00129622 , 0.00298404 , 
0.00943588 , 0.0313517 , 0.951885 , 0.00271824 , 0.00460944 , 
0.00694127 , 0.00317496 , 0.00181667 , 0.964549 , 0.0235177 , 
0.000712219 , 0.000174562 , 7.73458e-005 , 0.000788739 , 0.998247 , 
0.0279399 , 0.0136776 , 0.00810859 , 0.870111 , 0.0801632 , 
0.00565973 , 0.00231666 , 0.00125558 , 0.964333 , 0.0264349 , 
0.0339922 , 0.223613 , 0.721575 , 0.00724109 , 0.0135783 , 
0.00507352 , 0.00230002 , 0.0013101 , 0.97372 , 0.017596 , 
0.679459 , 0.0454954 , 0.0150723 , 0.0338912 , 0.226082 , 
0.000569229 , 0.000139106 , 6.15766e-005 , 0.000622915 , 0.998607 , 
0.00844449 , 0.975102 , 0.0128976 , 0.00112954 , 0.00242656 , 
0.0316075 , 0.869763 , 0.083698 , 0.00486975 , 0.0100619 , 
0.0125766 , 0.04057 , 0.936958 , 0.00368452 , 0.00621119 , 
0.0504639 , 0.0176427 , 0.00891722 , 0.487331 , 0.435645 , 
0.0358727 , 0.241689 , 0.700609 , 0.00757962 , 0.0142498 , 
0.781052 , 0.0387214 , 0.0123137 , 0.0242447 , 0.143668 , 
0.0218266 , 0.00845013 , 0.00446416 , 0.84187 , 0.123389 , 
0.828338 , 0.0338142 , 0.0105088 , 0.0192956 , 0.108043 , 
0.0244508 , 0.0721606 , 0.883338 , 0.00755405 , 0.0124963 , 
0.011252 , 0.00300572 , 0.00137104 , 0.0181417 , 0.96623 , 
0.981626 , 0.00579784 , 0.00157549 , 0.0020339 , 0.00896706 , 
0.0203672 , 0.928853 , 0.0416363 , 0.00294672 , 0.00619648 , 
0.000615214 , 0.000150491 , 6.66377e-005 , 0.000675917 , 0.998492 , 
0.00347821 , 0.00144004 , 0.000784674 , 0.978631 , 0.0156662 , 
0.00579417 , 0.987777 , 0.00439979 , 0.00061935 , 0.00140969 , 
0.0115141 , 0.00246411 , 0.00104635 , 0.0077197 , 0.977256 , 
0.999489 , 0.000188955 , 4.81437e-005 , 5.39115e-005 , 0.000219689 , 
0.000470958 , 0.00197924 , 0.997217 , 0.000120201 , 0.00021248 , 
0.0152588 , 0.00719961 , 0.00418594 , 0.925559 , 0.0477961 , 
0.315521 , 0.571746 , 0.0514393 , 0.0168079 , 0.0444857 , 
0.108922 , 0.0184798 , 0.00735562 , 0.0363865 , 0.828856 , 
0.0309319 , 0.873902 , 0.0805978 , 0.00474786 , 0.00982042 , 
0.0437069 , 0.013491 , 0.00648707 , 0.155833 , 0.780483 , 
0.997464 , 0.000903555 , 0.000234043 , 0.000271426 , 0.00112681 , 
0.0198368 , 0.00552344 , 0.00255656 , 0.0391756 , 0.932907 , 
0.0533317 , 0.0179946 , 0.00896262 , 0.369822 , 0.549889 , 
0.0819513 , 0.0145878 , 0.00588006 , 0.0312244 , 0.866357 , 
0.9874 , 0.00552722 , 0.0012909 , 0.00121821 , 0.00456376 , 
0.979635 , 0.00925769 , 0.00211635 , 0.00192098 , 0.00707044 , 
0.999173 , 0.00030355 , 7.76279e-005 , 8.76071e-005 , 0.00035846 , 
0.0152271 , 0.0480352 , 0.924635 , 0.00451932 , 0.00758364 , 
0.495668 , 0.384749 , 0.0466701 , 0.0191878 , 0.0537251 , 
0.0113954 , 0.00530601 , 0.00306387 , 0.943345 , 0.0368896 , 
0.140989 , 0.78196 , 0.0415614 , 0.0101656 , 0.0253247 , 
0.057143 , 0.900543 , 0.0254892 , 0.00496106 , 0.0118638 , 
0.000158464 , 6.89153e-005 , 3.84513e-005 , 0.999118 , 0.00061592 , 
0.064146 , 0.889871 , 0.0273892 , 0.00546641 , 0.0131277 , 
0.0478678 , 0.0151115 , 0.00732972 , 0.198479 , 0.731212 , 
0.00113449 , 0.00488828 , 0.993183 , 0.000286197 , 0.000507898 , 
0.0192951 , 0.00535964 , 0.00247861 , 0.0376415 , 0.935225 , 
0.999999 , 4.20701e-007 , 1.05794e-007 , 1.15285e-007 , 4.632e-007 , 
0.0237807 , 0.00915434 , 0.00482384 , 0.824965 , 0.137277 , 
0.237859 , 0.660924 , 0.0495272 , 0.0144349 , 0.0372551 , 
0.0935828 , 0.0163066 , 0.00653589 , 0.0336092 , 0.849965 , 
0.0133684 , 0.00361076 , 0.00165338 , 0.022715 , 0.958652 , 
0.0148327 , 0.00586598 , 0.00312902 , 0.898437 , 0.0777352 , 
0.0318471 , 0.0119747 , 0.00624449 , 0.748914 , 0.20102 , 
0.910401 , 0.0217739 , 0.00642471 , 0.0101895 , 0.0512112 , 
0.0153663 , 0.0819884 , 0.892639 , 0.00353692 , 0.00646959 , 
0.0104838 , 0.0528325 , 0.929731 , 0.0024696 , 0.0044833 , 
0.0366909 , 0.0109695 , 0.00521121 , 0.107224 , 0.839905 , 
0.0232911 , 0.0112578 , 0.00662898 , 0.889984 , 0.0688379 , 
0.0487307 , 0.0172187 , 0.00874176 , 0.524984 , 0.400325 , 
0.0352454 , 0.0131167 , 0.00680914 , 0.713094 , 0.231735 , 
0.245956 , 0.0340218 , 0.012887 , 0.049495 , 0.65764 , 
0.0513897 , 0.0178407 , 0.0089909 , 0.462964 , 0.458814 , 
0.0153663 , 0.0819884 , 0.892639 , 0.00353692 , 0.00646959 , 
0.795753 , 0.126599 , 0.022134 , 0.0133996 , 0.0421151 , 
0.0434855 , 0.921956 , 0.0213244 , 0.0039275 , 0.00930717 , 
3.89764e-007 , 1.56526e-006 , 0.999998 , 1.01667e-007 , 1.78402e-007 , 
0.0127307 , 0.960021 , 0.0217489 , 0.00175674 , 0.00374234 , 
0.440444 , 0.439422 , 0.0492035 , 0.0189065 , 0.0520234 , 
0.000395431 , 0.00016818 , 9.28249e-005 , 0.997703 , 0.00164019 , 
0.0393626 , 0.278193 , 0.658793 , 0.0081855 , 0.0154662 , 
0.139957 , 0.783323 , 0.0414299 , 0.0101112 , 0.0251786 , 
0.00922407 , 0.00425976 , 0.00244935 , 0.953577 , 0.0304899 , 
0.744314 , 0.0417156 , 0.013478 , 0.027901 , 0.172591 , 
0.790911 , 0.0378013 , 0.0119668 , 0.0232343 , 0.136086 , 
0.0023271 , 0.000970659 , 0.000530775 , 0.985931 , 0.0102407 , 
1.71756e-005 , 7.38411e-006 , 4.09688e-006 , 0.999902 , 6.90128e-005 , 
0.0386486 , 0.0116534 , 0.00555383 , 0.118896 , 0.825248 , 
0.000149185 , 6.37835e-005 , 3.52939e-005 , 0.999143 , 0.000609238 , 
0.604915 , 0.0477737 , 0.0162384 , 0.0399325 , 0.291141 , 
0.0613446 , 0.0113773 , 0.00463708 , 0.0262751 , 0.896366 , 
0.0175066 , 0.00482357 , 0.00222428 , 0.032788 , 0.942658 , 
0.000129778 , 3.13085e-005 , 1.38009e-005 , 0.000134868 , 0.99969 , 
0.900813 , 0.0234608 , 0.00697308 , 0.0112794 , 0.0574741 , 
0.0259247 , 0.0126223 , 0.00746132 , 0.878668 , 0.0753239 , 
0.0415733 , 0.0127019 , 0.00608388 , 0.13883 , 0.800811 , 
0.000514922 , 0.00216843 , 0.996953 , 0.000131295 , 0.000232166 , 
0.00653642 , 0.0224215 , 0.966036 , 0.00184989 , 0.00315642 , 
0.0121006 , 0.00482906 , 0.00258662 , 0.919012 , 0.0614717 , 
0.150458 , 0.769528 , 0.0427129 , 0.0106554 , 0.0266458 , 
0.047795 , 0.915105 , 0.0227113 , 0.00426093 , 0.0101277 , 
0.0016615 , 0.00726705 , 0.989915 , 0.000416264 , 0.000740426 , 
0.374971 , 0.507207 , 0.0510594 , 0.0180622 , 0.0487005 , 
0.800574 , 0.0368486 , 0.0116122 , 0.0222327 , 0.128733 , 
0.0515705 , 0.485715 , 0.433776 , 0.00984167 , 0.0190962 , 
0.0365008 , 0.836664 , 0.109203 , 0.00578085 , 0.0118513 , 
0.018406 , 0.0566543 , 0.910144 , 0.00554285 , 0.00925334 , 
0.480554 , 0.399491 , 0.0474428 , 0.01915 , 0.0533619 , 
0.990029 , 0.00331443 , 0.00088317 , 0.00109012 , 0.00468377 , 
0.0107067 , 0.00497272 , 0.00286767 , 0.94657 , 0.0348825 , 
0.00957063 , 0.971295 , 0.0150752 , 0.00129136 , 0.0027677 , 
0.000727361 , 0.00016874 , 7.3455e-005 , 0.000649968 , 0.99838 , 
0.00513548 , 0.0240426 , 0.967331 , 0.00124813 , 0.00224265 , 
0.0152409 , 0.0812047 , 0.893625 , 0.00351002 , 0.00641921 , 
0.0376549 , 0.0139068 , 0.00719533 , 0.685893 , 0.25535 , 
0.012823 , 0.0664572 , 0.912292 , 0.00298614 , 0.00544141 , 
0.0445321 , 0.0160463 , 0.00821453 , 0.596097 , 0.33511 , 
0.00875203 , 0.0431469 , 0.942255 , 0.0020806 , 0.00376579 , 
0.014102 , 0.00662847 , 0.00384623 , 0.930833 , 0.0445902 , 
0.247406 , 0.0341535 , 0.012931 , 0.049556 , 0.655953 , 
0.300471 , 0.588572 , 0.0513036 , 0.0164147 , 0.0432384 , 
0.99769 , 0.000936912 , 0.000228418 , 0.000233894 , 0.000910901 , 
0.057143 , 0.900543 , 0.0254892 , 0.00496106 , 0.0118638 , 
0.990886 , 0.00391872 , 0.000925821 , 0.000892571 , 0.00337723 , 
0.16026 , 0.756815 , 0.0438043 , 0.0111446 , 0.0279761 , 
0.772997 , 0.143712 , 0.0244639 , 0.0143206 , 0.0445068 , 
0.916825 , 0.020594 , 0.00604533 , 0.00945655 , 0.0470787 , 
0.156016 , 0.0245576 , 0.00959142 , 0.0428773 , 0.766958 , 
0.896144 , 0.0571251 , 0.0113246 , 0.00815028 , 0.0272563 , 
0.83215 , 0.0333614 , 0.0103471 , 0.0188859 , 0.105255 , 
0.0525602 , 0.542384 , 0.376127 , 0.00979113 , 0.019138 , 
0.254308 , 0.641528 , 0.0502009 , 0.0150102 , 0.0389527 , 
0.000796138 , 0.99819 , 0.000720572 , 9.04882e-005 , 0.000202822 , 
0.0294156 , 0.18325 , 0.769043 , 0.00638694 , 0.0119042 , 
0.931994 , 0.0351677 , 0.00734577 , 0.00572775 , 0.0197646 , 
0.0103569 , 0.0341003 , 0.947468 , 0.00299894 , 0.0050763 , 
0.0449755 , 0.348826 , 0.579803 , 0.00908017 , 0.0173159 , 
0.00193388 , 0.000809015 , 0.000443005 , 0.988381 , 0.00843332 , 
0.933556 , 0.0342534 , 0.0071724 , 0.00561444 , 0.0194041 , 
0.0100477 , 0.00216556 , 0.00092153 , 0.00690057 , 0.979965 , 
0.393193 , 0.0442479 , 0.0160366 , 0.0505862 , 0.495936 , 
0.0531987 , 0.0176695 , 0.0087447 , 0.323133 , 0.597254 , 
0.024104 , 0.0712999 , 0.884852 , 0.00743642 , 0.012308 , 
0.314004 , 0.573433 , 0.0514302 , 0.0167697 , 0.0443633 , 
0.034138 , 0.22498 , 0.719983 , 0.00726762 , 0.0136307 , 
0.0533762 , 0.0179371 , 0.0089193 , 0.357503 , 0.562264 , 
0.99867 , 0.000482996 , 0.000124087 , 0.000141408 , 0.000581582 , 
0.994283 , 0.00239932 , 0.000574474 , 0.000568019 , 0.00217505 , 
0.956125 , 0.02149 , 0.00467536 , 0.00389541 , 0.0138137 , 
0.834576 , 0.0985006 , 0.0180422 , 0.0116108 , 0.0372708 , 
0.360601 , 0.522535 , 0.0512755 , 0.0178021 , 0.0477857 , 
0.000266667 , 0.999381 , 0.000252644 , 3.07798e-005 , 6.87212e-005 , 
0.0155095 , 0.00732385 , 0.00425998 , 0.924422 , 0.0484846 , 
0.868067 , 0.0286221 , 0.00869665 , 0.0149561 , 0.0796585 , 
0.0185762 , 0.00514332 , 0.00237583 , 0.0356523 , 0.938252 , 
0.309468 , 0.578489 , 0.0513969 , 0.0166535 , 0.0439928 , 
0.577706 , 0.307581 , 0.0415537 , 0.018872 , 0.0542882 , 
0.0332607 , 0.216836 , 0.729481 , 0.00710735 , 0.0133143 , 
0.0257981 , 0.951206 , 0.0147322 , 0.00247722 , 0.00578665 , 
0.99567 , 0.00151033 , 0.000394743 , 0.000466795 , 0.00195845 , 
0.052837 , 0.0180517 , 0.00903714 , 0.409369 , 0.510705 , 
0.0211094 , 0.119964 , 0.845444 , 0.00474119 , 0.00874146 , 
0.0357293 , 0.240276 , 0.702242 , 0.00755409 , 0.0141989 , 
0.00829885 , 0.00381815 , 0.00219121 , 0.957995 , 0.0276963 , 
0.0389758 , 0.0143322 , 0.00740145 , 0.670217 , 0.269074 , 
0.00456864 , 0.0160821 , 0.975888 , 0.00127493 , 0.00218603 , 
0.0277877 , 0.0105734 , 0.00554284 , 0.78856 , 0.167536 , 
0.0497029 , 0.6882 , 0.236214 , 0.0086412 , 0.0172422 , 
0.0024556 , 0.00895342 , 0.986758 , 0.000672577 , 0.00116069 , 
0.929792 , 0.0180825 , 0.00524894 , 0.00797207 , 0.0389049 , 
0.979198 , 0.00947268 , 0.00216314 , 0.00195963 , 0.00720644 , 
0.0156772 , 0.00740703 , 0.00430957 , 0.923662 , 0.0489438 , 
0.0207127 , 0.927297 , 0.0426768 , 0.00300272 , 0.00631073 , 
0.868629 , 0.0750943 , 0.0143538 , 0.00979797 , 0.0321253 , 
0.0403707 , 0.00785947 , 0.00324677 , 0.0199764 , 0.928547 , 
0.379795 , 0.502099 , 0.0509704 , 0.0181434 , 0.0489927 , 
0.738226 , 0.042149 , 0.0136521 , 0.0284895 , 0.177484 , 
0.019572 , 0.00405374 , 0.00170473 , 0.0117712 , 0.962898 , 
0.0876548 , 0.0154385 , 0.00620551 , 0.0324265 , 0.858275 , 
0.905556 , 0.0511908 , 0.0102818 , 0.00754598 , 0.0254252 , 
0.0157517 , 0.00430452 , 0.00197917 , 0.0283262 , 0.949638 , 
0.982867 , 0.00544332 , 0.00147543 , 0.0018936 , 0.00832003 , 
0.999749 , 9.78225e-005 , 2.43427e-005 , 2.59653e-005 , 0.000103195 , 
0.00293301 , 0.0105985 , 0.984271 , 0.000807142 , 0.00139064 , 
0.956125 , 0.02149 , 0.00467536 , 0.00389541 , 0.0138137 , 
0.0453448 , 0.754463 , 0.177275 , 0.0075952 , 0.0153214 , 
0.000459308 , 0.000195141 , 0.00010765 , 0.997327 , 0.00191117 , 
0.0532854 , 0.0177506 , 0.0087953 , 0.331603 , 0.588565 , 
0.0019767 , 0.995624 , 0.00168322 , 0.000220016 , 0.000495755 , 
0.0462762 , 0.0144759 , 0.00699652 , 0.180234 , 0.752018 , 
0.189212 , 0.720113 , 0.0464946 , 0.0124889 , 0.0316914 , 
0.734899 , 0.173356 , 0.0282328 , 0.0156654 , 0.0478466 , 
0.275549 , 0.616901 , 0.0508444 , 0.0156942 , 0.0410115 , 
0.0516851 , 0.0167875 , 0.00823428 , 0.263344 , 0.659949 , 
0.396639 , 0.0444126 , 0.0160802 , 0.0505101 , 0.492358 , 
0.0519093 , 0.499487 , 0.41961 , 0.00984914 , 0.0191444 , 
0.00729089 , 0.0247887 , 0.962315 , 0.00207352 , 0.00353198 , 
0.803298 , 0.0365706 , 0.0115095 , 0.0219484 , 0.126674 , 
0.00343904 , 0.00154487 , 0.000875921 , 0.981919 , 0.0122209 , 
8.29223e-005 , 0.000327405 , 0.99953 , 2.18105e-005 , 3.81643e-005 , 
0.00886444 , 0.0040878 , 0.00234874 , 0.95529 , 0.029409 , 
0.603177 , 0.0478028 , 0.0162576 , 0.0400614 , 0.292702 , 
0.793127 , 0.128549 , 0.0224055 , 0.0135105 , 0.0424071 , 
0.795077 , 0.0373968 , 0.0118157 , 0.0228039 , 0.132907 , 
0.0183253 , 0.00873012 , 0.00510142 , 0.911774 , 0.0560692 , 
0.607373 , 0.280856 , 0.0393597 , 0.0185365 , 0.053875 , 
0.676168 , 0.0456404 , 0.0151384 , 0.034178 , 0.228875 , 
1.55289e-005 , 6.19495e-005 , 0.999911 , 4.0638e-006 , 7.12314e-006 , 
0.000451618 , 0.998961 , 0.000419799 , 5.17954e-005 , 0.00011583 , 
9.16411e-005 , 0.000361493 , 0.999481 , 2.41148e-005 , 4.21898e-005 , 
0.0016615 , 0.00726705 , 0.989915 , 0.000416264 , 0.000740426 , 
0.933556 , 0.0342534 , 0.0071724 , 0.00561444 , 0.0194041 , 
0.00962198 , 0.00387414 , 0.00208365 , 0.936982 , 0.0474379 , 
0.00983627 , 0.00395725 , 0.00212757 , 0.935455 , 0.0486243 , 
0.400093 , 0.0445742 , 0.0161224 , 0.0504299 , 0.488781 , 
8.44794e-005 , 3.66538e-005 , 2.04275e-005 , 0.999528 , 0.000330564 , 
0.000108188 , 0.999736 , 0.000114031 , 1.29329e-005 , 2.8617e-005 , 
0.355821 , 0.0422437 , 0.0154785 , 0.0511521 , 0.535305 , 
0.0232398 , 0.0691401 , 0.888636 , 0.00714442 , 0.0118397 , 
0.0171185 , 0.00812498 , 0.00473858 , 0.917167 , 0.0528511 , 
0.000336732 , 0.00130534 , 0.998113 , 8.93805e-005 , 0.000155914 , 
0.0281919 , 0.889804 , 0.0688876 , 0.0042623 , 0.00885375 , 
0.0818567 , 0.863646 , 0.0316218 , 0.00667884 , 0.0161969 , 
0.0112413 , 0.0052313 , 0.00301986 , 0.944065 , 0.0364422 , 
0.988732 , 0.00490709 , 0.0011509 , 0.00109457 , 0.00411534 , 
0.0225709 , 0.00636014 , 0.00295645 , 0.0474021 , 0.92071 , 
0.0826179 , 0.862541 , 0.0317876 , 0.00672898 , 0.0163249 , 
0.0337966 , 0.00998115 , 0.00472003 , 0.0918892 , 0.859613 , 
0.235166 , 0.664128 , 0.0494013 , 0.0143368 , 0.0369686 , 
0.0253773 , 0.0123374 , 0.00728708 , 0.881007 , 0.0739913 , 
0.00290548 , 0.00130075 , 0.000736252 , 0.984638 , 0.0104199 , 
0.0518704 , 0.497766 , 0.421375 , 0.0098489 , 0.0191397 , 
0.0295046 , 0.0111707 , 0.00584301 , 0.772164 , 0.181318 , 
0.00143053 , 0.000354721 , 0.000157774 , 0.00166165 , 0.996395 , 
0.0029888 , 0.00124113 , 0.000677242 , 0.981757 , 0.0133361 , 
0.0417206 , 0.0127557 , 0.00611123 , 0.139929 , 0.799484 , 
0.00544183 , 0.00120438 , 0.000516657 , 0.00409745 , 0.98874 , 
0.00950577 , 0.0315617 , 0.951548 , 0.00273946 , 0.00464479 , 
0.0199966 , 0.0608418 , 0.902999 , 0.00606394 , 0.0100982 , 
0.0117834 , 0.00549434 , 0.00317492 , 0.941536 , 0.0380114 , 
0.156016 , 0.0245576 , 0.00959142 , 0.0428773 , 0.766958 , 
0.0213533 , 0.0643511 , 0.896959 , 0.00651297 , 0.0108236 , 
0.0415204 , 0.015134 , 0.00778579 , 0.63816 , 0.297399 , 
0.0152995 , 0.950187 , 0.0278136 , 0.00214686 , 0.00455259 , 
0.0426092 , 0.784422 , 0.151759 , 0.0070038 , 0.0142059 , 
0.0475243 , 0.016898 , 0.00860167 , 0.547564 , 0.379412 , 
0.848625 , 0.0886958 , 0.0165301 , 0.0108917 , 0.035257 , 
0.0525488 , 0.588104 , 0.330891 , 0.00959203 , 0.018864 , 
0.965126 , 0.0166618 , 0.00368807 , 0.00316391 , 0.0113602 , 
0.0239121 , 0.954457 , 0.0139227 , 0.00231365 , 0.0053948 , 
0.399249 , 0.481685 , 0.050531 , 0.0184402 , 0.050095 , 
0.000727361 , 0.00016874 , 7.3455e-005 , 0.000649968 , 0.99838 , 
0.0341435 , 0.0100983 , 0.00477801 , 0.0936208 , 0.857359 , 
0.0518056 , 0.0168474 , 0.00826769 , 0.266436 , 0.656644 , 
0.000129778 , 3.13085e-005 , 1.38009e-005 , 0.000134868 , 0.99969 , 
0.943902 , 0.015131 , 0.00433235 , 0.00635145 , 0.0302836 , 
0.790488 , 0.130517 , 0.0226778 , 0.0136208 , 0.0426964 , 
0.0102724 , 0.0516316 , 0.931278 , 0.00242241 , 0.00439608 , 
0.958355 , 0.011836 , 0.00333376 , 0.00469036 , 0.0217845 , 
0.000727361 , 0.00016874 , 7.3455e-005 , 0.000649968 , 0.99838 , 
0.0184121 , 0.0087738 , 0.00512765 , 0.911388 , 0.0562989 , 
0.0469801 , 0.0147541 , 0.0071419 , 0.187937 , 0.743187 , 
0.0169229 , 0.052676 , 0.916868 , 0.00506235 , 0.0084712 , 
0.0102851 , 0.0338875 , 0.947811 , 0.00297699 , 0.00503982 , 
0.658895 , 0.235955 , 0.0351721 , 0.0176637 , 0.0523133 , 
0.00229432 , 0.0101896 , 0.985927 , 0.000570819 , 0.0010177 , 
0.998182 , 0.000654728 , 0.000168823 , 0.000193892 , 0.000800747 , 
0.422223 , 0.457956 , 0.0498543 , 0.0187273 , 0.0512388 , 
0.987743 , 0.00401083 , 0.0010752 , 0.00134538 , 0.0058255 , 
0.00582905 , 0.0275853 , 0.962638 , 0.00141009 , 0.00253758 , 
0.00935669 , 0.00202373 , 0.00086209 , 0.00650371 , 0.981254 , 
0.0472076 , 0.014845 , 0.00718952 , 0.190543 , 0.740215 , 
0.0224481 , 0.919265 , 0.0481116 , 0.00328684 , 0.00688885 , 
0.682351 , 0.216164 , 0.0331209 , 0.01714 , 0.0512245 , 
0.976219 , 0.00729777 , 0.00200299 , 0.00264709 , 0.0118331 , 
0.0508715 , 0.0164007 , 0.00802086 , 0.245153 , 0.679554 , 
0.0110212 , 0.0559074 , 0.925778 , 0.00258915 , 0.00470451 , 
0.0418027 , 0.792292 , 0.145185 , 0.00683553 , 0.0138855 , 
0.00123861 , 0.00535392 , 0.992541 , 0.000312005 , 0.000553969 , 
0.00354212 , 0.00146595 , 0.000798649 , 0.97822 , 0.0159729 , 
0.120204 , 0.809813 , 0.0386591 , 0.00902811 , 0.0222953 , 
0.0414317 , 0.00804433 , 0.00332061 , 0.0203341 , 0.926869 , 
0.0102724 , 0.0516316 , 0.931278 , 0.00242241 , 0.00439608 , 
0.00025425 , 0.999373 , 0.000274177 , 3.06174e-005 , 6.762e-005 , 
0.02697 , 0.949201 , 0.0152229 , 0.00257789 , 0.00602837 , 
0.0124758 , 0.0643957 , 0.914918 , 0.0029101 , 0.00529999 , 
0.0744698 , 0.874461 , 0.0299476 , 0.00618401 , 0.0149379 , 
0.0472999 , 0.728721 , 0.199782 , 0.00804325 , 0.0161539 , 
0.00985562 , 0.0492794 , 0.934312 , 0.00232915 , 0.00422384 , 
0.584331 , 0.301557 , 0.0410784 , 0.0188074 , 0.0542255 , 
0.374971 , 0.507207 , 0.0510594 , 0.0180622 , 0.0487005 , 
0.00077537 , 0.00294992 , 0.995706 , 0.000207763 , 0.000361252 , 
0.0180653 , 0.00859945 , 0.00502297 , 0.912932 , 0.0553799 , 
0.844005 , 0.0918981 , 0.017029 , 0.0111326 , 0.0359356 , 
0.0210588 , 0.925724 , 0.0437328 , 0.003059 , 0.00642546 , 
0.022816 , 0.00467286 , 0.00195864 , 0.0132321 , 0.95732 , 
0.0502598 , 0.446182 , 0.474984 , 0.00975019 , 0.0188241 , 
0.00448695 , 0.0207845 , 0.971668 , 0.00109559 , 0.00196553 , 
0.0413461 , 0.301097 , 0.632904 , 0.00851473 , 0.0161375 , 
0.0270439 , 0.164017 , 0.791993 , 0.00592897 , 0.0110166 , 
1.55289e-005 , 6.19495e-005 , 0.999911 , 4.0638e-006 , 7.12314e-006 , 
0.0142146 , 0.0030059 , 0.00127186 , 0.00915508 , 0.972353 , 
0.0518276 , 0.631091 , 0.289464 , 0.00927238 , 0.0183451 , 
0.938603 , 0.0162679 , 0.00468297 , 0.00696044 , 0.0334859 , 
0.0143557 , 0.0456104 , 0.928661 , 0.00424298 , 0.00713041 , 
0.620485 , 0.0474656 , 0.0160509 , 0.0387525 , 0.277246 , 
0.459696 , 0.0468196 , 0.0166417 , 0.0484732 , 0.42837 , 
0.00437349 , 0.987954 , 0.00588496 , 0.000563886 , 0.00122332 , 
0.00587121 , 0.0203064 , 0.969341 , 0.00165414 , 0.00282686 , 
0.0580294 , 0.0108393 , 0.00442643 , 0.0253761 , 0.901329 , 
0.477449 , 0.0472871 , 0.0167199 , 0.0476968 , 0.410847 , 
4.12715e-005 , 9.77646e-006 , 4.2842e-006 , 3.99307e-005 , 0.999905 , 
0.00904675 , 0.044771 , 0.940147 , 0.00214721 , 0.00388841 , 
0.986352 , 0.00601925 , 0.00140137 , 0.00131476 , 0.00491227 , 
0.472169 , 0.407741 , 0.0478464 , 0.0191162 , 0.0531267 , 
0.946813 , 0.0266497 , 0.00570303 , 0.00462376 , 0.0162109 , 
0.998241 , 0.000707699 , 0.000173219 , 0.000178757 , 0.000698833 , 
0.0486348 , 0.0171938 , 0.00873106 , 0.526867 , 0.398573 , 
0.0464086 , 0.00890111 , 0.0036617 , 0.0219504 , 0.919078 , 
0.0220324 , 0.0106115 , 0.00623658 , 0.895449 , 0.0656702 , 
0.662051 , 0.233268 , 0.0349011 , 0.0175979 , 0.0521811 , 
0.00279926 , 0.0101399 , 0.984965 , 0.000769346 , 0.00132611 , 
0.514155 , 0.36694 , 0.0456491 , 0.0191938 , 0.0540621 , 
0.869193 , 0.0284587 , 0.00864097 , 0.0148309 , 0.0788761 , 
0.763708 , 0.0402179 , 0.0128881 , 0.0259928 , 0.157193 , 
0.0311012 , 0.872873 , 0.0813663 , 0.00477832 , 0.00988082 , 
0.00405526 , 0.000906633 , 0.00039014 , 0.00316506 , 0.991483 , 
0.814983 , 0.112502 , 0.0201243 , 0.0125489 , 0.0398421 , 
0.0128089 , 0.00599418 , 0.00347024 , 0.936779 , 0.0409472 , 
7.12918e-005 , 1.6853e-005 , 7.38039e-006 , 6.84299e-005 , 0.999836 , 
0.697694 , 0.203442 , 0.0317339 , 0.0167533 , 0.0503763 , 
0.115527 , 0.816198 , 0.0379275 , 0.0087597 , 0.021588 , 
0.626902 , 0.263609 , 0.0378264 , 0.0182497 , 0.0534127 , 
0.0414317 , 0.00804433 , 0.00332061 , 0.0203341 , 0.926869 , 
0.410495 , 0.0450403 , 0.0162416 , 0.0501652 , 0.478058 , 
0.01048 , 0.00486329 , 0.00280334 , 0.947636 , 0.0342173 , 
0.179944 , 0.0273347 , 0.0105839 , 0.0452585 , 0.736879 , 
0.0452284 , 0.755862 , 0.176068 , 0.00756929 , 0.0152729 , 
0.992077 , 0.00267472 , 0.000708387 , 0.000862528 , 0.00367763 , 
0.924737 , 0.0190832 , 0.00556445 , 0.00855154 , 0.0420643 , 
0.862106 , 0.0794819 , 0.0150662 , 0.0101639 , 0.0331822 , 
0.833412 , 0.0332094 , 0.0102931 , 0.0187499 , 0.104335 , 
0.823674 , 0.106245 , 0.0192047 , 0.0121419 , 0.0387345 , 
0.0475601 , 0.00909697 , 0.0037394 , 0.0223106 , 0.917293 , 
0.00805749 , 0.00175493 , 0.000749164 , 0.0057368 , 0.983702 , 
0.00354212 , 0.00146595 , 0.000798649 , 0.97822 , 0.0159729 , 
0.514854 , 0.0479617 , 0.0167696 , 0.0457987 , 0.374616 , 
0.0127292 , 0.00595522 , 0.00344719 , 0.937148 , 0.0407205 , 
0.0194875 , 0.00759693 , 0.00402596 , 0.861446 , 0.107443 , 
0.459696 , 0.0468196 , 0.0166417 , 0.0484732 , 0.42837 , 
0.00304786 , 0.00126518 , 0.000690245 , 0.981381 , 0.0136155 , 
0.0453848 , 0.0162956 , 0.00832951 , 0.583108 , 0.346882 , 
0.00422485 , 0.00190661 , 0.00108352 , 0.977955 , 0.0148301 , 
0.00521033 , 0.024422 , 0.966827 , 0.00126566 , 0.00227455 , 
0.0499133 , 0.00949453 , 0.00389683 , 0.0230319 , 0.913664 , 
0.0143557 , 0.0456104 , 0.928661 , 0.00424298 , 0.00713041 , 
0.0143557 , 0.0456104 , 0.928661 , 0.00424298 , 0.00713041 , 
0.201485 , 0.704904 , 0.0474211 , 0.0130156 , 0.0331735 , 
0.00013195 , 3.10958e-005 , 1.36042e-005 , 0.000125153 , 0.999698 , 
0.943991 , 0.0282435 , 0.00601529 , 0.00483903 , 0.0169112 , 
0.0449015 , 0.0161549 , 0.00826474 , 0.590539 , 0.34014 , 
7.57581e-005 , 3.28588e-005 , 1.83095e-005 , 0.999576 , 0.000296724 , 
0.886307 , 0.0634454 , 0.0124113 , 0.00875916 , 0.0290766 , 
0.143635 , 0.0230413 , 0.00904162 , 0.0414253 , 0.782857 , 
0.00441678 , 0.990549 , 0.0034713 , 0.000477965 , 0.00108457 , 
0.0577601 , 0.899595 , 0.0256625 , 0.00500622 , 0.0119764 , 
0.891278 , 0.0602366 , 0.0118626 , 0.0084543 , 0.0281683 , 
0.0244678 , 0.0118654 , 0.00699898 , 0.884909 , 0.0717591 , 
0.0153663 , 0.0819884 , 0.892639 , 0.00353692 , 0.00646959 , 
0.0446559 , 0.0160828 , 0.00823142 , 0.594246 , 0.336784 , 
0.0215853 , 0.0103828 , 0.00609805 , 0.8974 , 0.064534 , 
0.708284 , 0.194768 , 0.0307567 , 0.0164655 , 0.0497258 , 
